1 0.47941211818419777 0.7525773195876287 0.3539518900343643 0.18041237113402064
1 0.5069035271189056 0.6121134020618556 0.3402061855670102 0.1829896907216495
1 0.5343949360536135 0.5012886597938144 0.3470790378006872 0.16752577319587625
1 0.5618863449883215 0.37757731958762886 0.36082474226804123 0.18298969072164945
1 0.5825049016893523 0.259020618556701 0.3333333333333333 0.172680412371134
1 0.6134327367408988 0.1417525773195876 0.36082474226804123 0.1804123711340206
1 0.6357695065003489 0.03994845360824741 0.37800687285223367 0.0747422680412371
2 0.47425747900894 0.7744845360824741 0.39175257731958757 0.15721649484536082
2 0.4845667573594555 0.6353092783505154 0.3986254295532645 0.13144329896907225
2 0.5172128054694212 0.5115979381443299 0.34707903780068733 0.11082474226804118
2 0.5412677882872905 0.3672680412371133 0.34020618556701027 0.1675257731958763
2 0.5756320494556754 0.2396907216494845 0.3676975945017182 0.1185567010309278
2 0.6151509497993181 0.1185567010309278 0.3642611683848797 0.12886597938144326
2 0.6426423587340259 0.03221649484536082 0.3711340206185567 0.05927835051546391
