1 0.40297121634168986 0.7520891364902507 0.3899721448467967 0.17827298050139273
1 0.4308263695450325 0.607242339832869 0.38625812441968427 0.18941504178272972
1 0.45868152274837515 0.48050139275766013 0.3528319405756732 0.18662952646239556
0 0.47539461467038063 0.34122562674094703 0.38625812441968427 0.181058495821727
1 0.5125348189415041 0.21309192200557103 0.393686165273909 0.16991643454038996
1 0.5125348189415041 0.10027855153203342 0.4011142061281337 0.17827298050139276
0 0.596100278551532 0.025069637883008356 0.27112349117920154 0.05013927576601671
2 0.40854224698235847 0.7896935933147633 0.4308263695450325 0.1866295264623955
2 0.4141132776230269 0.6392757660167131 0.38254410399257194 0.13649025069637877
2 0.4363974001857011 0.5027855153203342 0.3676880222841226 0.12534818941504178
2 0.5013927576601671 0.20473537604456826 0.3639740018570103 0.16434540389972147
2 0.4958217270194985 0.06963788300835655 0.38997214484679654 0.1392757660167131
