1 0.48800318347629396 0.7461340206185566 0.3505154639175257 0.1829896907216495
0 0.5189310185278404 0.6198453608247422 0.34364261168384885 0.17268041237113407
1 0.5395495752288713 0.5154639175257731 0.3642611683848796 0.18041237113402064
0 0.5739138363972561 0.39046391752577314 0.3367697594501718 0.18814432989690721
1 0.6031234583903834 0.2693298969072165 0.36082474226804123 0.16752577319587628
1 0.6168691628577373 0.15592783505154637 0.3470790378006872 0.17783505154639173
1 0.6392059326171874 0.06185567010309277 0.36426116838487976 0.11340206185567009
2 0.4708210528921015 0.795103092783505 0.3505154639175257 0.17268041237113396
2 0.5309585099367751 0.5244845360824741 0.38831615120274904 0.11082474226804123
2 0.5996870322735447 0.24613402061855666 0.34707903780068716 0.13144329896907214
2 0.6151509497993181 0.13273195876288657 0.38487972508591056 0.14690721649484534
2 0.6426423587340259 0.04381443298969072 0.33676975945017174 0.07731958762886597
