1 0.40552895667217026 0.7280927835051545 0.3848797250859106 0.20360824742268036
1 0.4244293003147819 0.5876288659793814 0.3608247422680411 0.1804123711340206
1 0.4553571353663283 0.4639175257731958 0.35395189003436417 0.1804123711340206
0 0.47769390512577853 0.33247422680412364 0.3642611683848797 0.17525773195876287
0 0.5137763793525826 0.21391752577319584 0.3883161512027491 0.18556701030927833
1 0.5258038707615174 0.08891752577319585 0.38487972508591056 0.16752577319587625
0 0.5910959669814486 0.023195876288659795 0.28178694158075607 0.041237113402061855
2 0.403810743613751 0.7706185567010309 0.402061855670103 0.17525773195876282
2 0.2302712247134074 0.5502577319587628 0.0068728522336769515 0.018041237113401998
2 0.4175564480811049 0.6108247422680412 0.3814432989690721 0.134020618556701
2 0.41412002196426645 0.5038659793814433 0.3470790378006872 0.16237113402061853
2 0.5292402968783558 0.06572164948453608 0.32989690721649484 0.12628865979381443
