1 0.48800318347629396 0.7461340206185566 0.3505154639175257 0.19845360824742264
1 0.5240856577030981 0.6172680412371133 0.34707903780068733 0.1778350515463918
1 0.5481406405209674 0.5025773195876287 0.35395189003436417 0.17525773195876287
1 0.5601681319299022 0.39046391752577314 0.37800687285223367 0.16752577319587625
1 0.5996870322735447 0.268041237113402 0.3402061855670102 0.15979381443298965
1 0.6203055889745758 0.15979381443298968 0.34020618556701027 0.17010309278350513
1 0.6495152109677029 0.05927835051546391 0.3780068728522336 0.11855670103092782
2 0.4845667573594555 0.7783505154639174 0.3642611683848797 0.17525773195876293
2 0.4948760357099709 0.634020618556701 0.3917525773195876 0.12371134020618546
2 0.5206492315862596 0.5347938144329896 0.3539518900343643 0.10567010309278346
2 0.5636045580467407 0.36340206185567003 0.3367697594501718 0.15979381443298968
2 0.5893777539230293 0.2396907216494845 0.3608247422680411 0.1185567010309278
2 0.6134327367408987 0.1185567010309278 0.39518900343642605 0.12886597938144326
2 0.6581062762597991 0.042525773195876276 0.3539518900343643 0.07989690721649483
