1 0.37697307335190344 0.7409470752089136 0.38254410399257194 0.21169916434540392
1 0.4011142061281337 0.6016713091922006 0.38625812441968427 0.18941504178272983
1 0.41968430826369546 0.4777158774373259 0.3788300835654596 0.19220055710306405
0 0.44939647168059427 0.3412256267409471 0.393686165273909 0.18662952646239553
1 0.4791086350974931 0.21448467966573814 0.393686165273909 0.18384401114206128
1 0.49396471680594245 0.08635097493036212 0.37883008356545966 0.1615598885793872
0 0.584958217270195 0.020891364902506964 0.2191272051996286 0.04178272980501393
2 0.3788300835654596 0.7938718662952646 0.4456824512534819 0.20612813370473537
2 0.3881151346332405 0.6337047353760445 0.38254410399257194 0.1643454038997214
2 0.40297121634168986 0.5069637883008357 0.3602599814298979 0.1727019498607243
2 0.510677808727948 0.1796657381615599 0.38254410399257205 0.21448467966573814
2 0.4735376044568245 0.07103064066852367 0.41968430826369546 0.14206128133704735
