1 0.5240856577030981 0.7319587628865978 0.37457044673539514 0.21649484536082475
1 0.5292402968783558 0.5837628865979381 0.32989690721649484 0.17268041237113402
1 0.5653227711051599 0.47809278350515455 0.3333333333333333 0.1829896907216494
1 0.5825049016893523 0.3608247422680412 0.35395189003436417 0.17525773195876287
1 0.6134327367408988 0.24226804123711337 0.36082474226804123 0.17525773195876285
1 0.6443605717924452 0.12242268041237112 0.3539518900343643 0.17783505154639173
1 0.6615427023766376 0.03865979381443299 0.35395189003436417 0.06701030927835051
2 0.5051853140604864 0.768041237113402 0.37800687285223367 0.15979381443298968
2 0.5017488879436479 0.6159793814432989 0.3642611683848796 0.14432989690721643
2 0.5275220838199366 0.49355670103092775 0.3676975945017182 0.13144329896907214
2 0.5601681319299022 0.3350515463917525 0.34364261168384885 0.16494845360824745
2 0.594532393098287 0.21520618556701027 0.40549828178694153 0.13144329896907214
2 0.6203055889745758 0.09922680412371132 0.40206185567010305 0.13659793814432988
2 0.6426423587340259 0.019329896907216492 0.32302405498281783 0.038659793814432984
