1 0.46796657381615603 0.7562674094707521 0.34168987929433614 0.20334261838440115
0 0.5125348189415041 0.6211699164345403 0.32683379758588677 0.18384401114206128
1 0.5218198700092851 0.5139275766016713 0.3602599814298979 0.1866295264623956
0 0.5608170844939647 0.38857938718662954 0.3491179201485608 0.1754874651810585
1 0.5868152274837511 0.2785515320334262 0.3416898792943361 0.16713091922005568
1 0.6239554317548747 0.1615598885793872 0.3565459610027855 0.16713091922005568
2 0.45496750232126276 0.8008356545961003 0.41225626740947074 0.1754874651810585
2 0.5143918291550603 0.5376044568245125 0.3602599814298979 0.13927576601671315
2 0.5905292479108635 0.26323119777158777 0.3491179201485608 0.14206128133704735
2 0.6035283194057568 0.13649025069637882 0.39740018570102137 0.1671309192200557
2 0.6610956360259981 0.04596100278551532 0.3491179201485608 0.09192200557103064
