1 0.47425747900894 0.73840206185567 0.35738831615120265 0.19845360824742264
0 0.49315782265155167 0.6095360824742266 0.32646048109965636 0.17268041237113396
1 0.5309585099367751 0.4961340206185566 0.3333333333333333 0.1675257731958763
0 0.5515770666378059 0.37757731958762886 0.34707903780068716 0.17783505154639173
1 0.5807866886309331 0.2641752577319587 0.32302405498281783 0.16237113402061853
1 0.5996870322735449 0.14304123711340205 0.3539518900343643 0.1572164948453608
1 0.628896654266672 0.052835051546391745 0.34364261168384874 0.10567010309278349
2 0.46566641371684375 0.7731958762886597 0.3676975945017181 0.1649484536082474
2 0.5309585099367751 0.5154639175257731 0.3676975945017182 0.11855670103092786
2 0.5962506061567063 0.2396907216494845 0.402061855670103 0.1546391752577319
2 0.5945323930982871 0.11469072164948452 0.3848797250859106 0.12628865979381443
2 0.6374877195587682 0.03221649484536082 0.33333333333333326 0.06443298969072164
