1 0.39006503914639706 0.7177835051546391 0.39518900343642605 0.18814432989690721
1 0.40552895667217026 0.5889175257731958 0.37800687285223367 0.17268041237113407
1 0.4416114308989744 0.45747422680412364 0.3814432989690721 0.1829896907216495
0 0.46566641371684375 0.3298969072164948 0.39518900343642605 0.19072164948453604
0 0.4862849704178747 0.1920103092783505 0.37457044673539514 0.172680412371134
1 0.5120581662941633 0.07989690721649484 0.39175257731958757 0.15979381443298968
2 0.3728829085622046 0.7641752577319587 0.39518900343642605 0.17268041237113396
2 0.40896538278900874 0.6108247422680412 0.37800687285223367 0.1391752577319587
2 0.4261475133732013 0.4780927835051546 0.41924398625429554 0.1365979381443299
2 0.49143960959313243 0.0592783505154639 0.3780068728522336 0.11340206185567007
