1 0.37631933467904305 0.7731958762886597 0.37457044673539514 0.19587628865979378
1 0.403810743613751 0.6353092783505154 0.3676975945017181 0.1881443298969071
1 0.43817500478213595 0.509020618556701 0.3676975945017182 0.19329896907216498
0 0.45707534842474756 0.37371134020618546 0.3642611683848797 0.1804123711340206
0 0.4845667573594555 0.2474226804123711 0.3505154639175257 0.1701030927835051
1 0.5017488879436479 0.13402061855670103 0.3642611683848796 0.16494845360824742
1 0.5395495752288713 0.04639175257731959 0.3505154639175257 0.08247422680412371
2 0.37975576079588164 0.8118556701030927 0.38144329896907214 0.18041237113402064
2 0.4020925305553318 0.6623711340206184 0.3848797250859106 0.134020618556701
2 0.4124018089058472 0.527061855670103 0.37800687285223367 0.11597938144329895
2 0.49659424876839015 0.1018041237113402 0.374570446735395 0.11597938144329896
2 0.5206492315862596 0.024484536082474223 0.3402061855670104 0.048969072164948446
