1 0.4716805942432683 0.7576601671309192 0.37883008356545966 0.18941504178272983
0 0.4939647168059424 0.6225626740947074 0.3491179201485608 0.18105849582172706
1 0.5311049210770659 0.5013927576601671 0.3342618384401114 0.16713091922005574
0 0.5608170844939647 0.38579387186629527 0.35654596100278546 0.1754874651810585
1 0.5923862581244197 0.2785515320334262 0.33797585886722387 0.15598885793871867
1 0.61652739090065 0.15459610027855153 0.3416898792943361 0.15320334261838442
1 0.638811513463324 0.06267409470752089 0.3491179201485608 0.11420612813370473
2 0.46610956360259986 0.7952646239554317 0.3899721448467967 0.1754874651810585
2 0.5088207985143919 0.5222841225626741 0.35654596100278546 0.11977715877437323
2 0.5812441968430826 0.2520891364902507 0.3528319405756731 0.1253481894150418
2 0.5942432683379758 0.12813370473537605 0.38625812441968427 0.1392757660167131
2 0.6462395543175488 0.04596100278551532 0.3565459610027855 0.08635097493036212
