1 0.410683595847428 0.7332474226804122 0.3676975945017182 0.20360824742268047
1 0.43473857866529736 0.5992268041237112 0.35395189003436417 0.1829896907216494
1 0.4622299876000053 0.4690721649484535 0.3676975945017182 0.1855670103092783
0 0.49659424876839015 0.33891752577319584 0.3608247422680411 0.18814432989690721
1 0.5189310185278404 0.2126288659793814 0.37800687285223367 0.172680412371134
1 0.5395495752288713 0.08891752577319588 0.3642611683848796 0.17268041237113402
0 0.5653227711051599 0.021907216494845356 0.3883161512027491 0.03350515463917525
2 0.410683595847428 0.7938144329896906 0.402061855670103 0.1649484536082474
2 0.4313021525484589 0.6327319587628866 0.35395189003436417 0.13659793814432997
2 0.44332964395739366 0.49871134020618546 0.3780068728522336 0.11082474226804123
2 0.5034671010020672 0.21649484536082472 0.35395189003436417 0.11340206185567009
2 0.5240856577030981 0.060567010309278344 0.3676975945017182 0.11082474226804122
