1 0.40792829557613963 0.7405940594059406 0.38019801980198026 0.1623762376237623
1 0.4356510678533674 0.6019801980198021 0.3458745874587459 0.13465346534653466
1 0.4633738401305951 0.4722772277227723 0.34851485148514855 0.1643564356435644
0 0.48449595234181625 0.35148514851485146 0.3643564356435644 0.18415841584158416
1 0.5135388566322452 0.22277227722772278 0.3643564356435643 0.18415841584158416
1 0.537301232869869 0.10099009900990098 0.359075907590759 0.18217821782178217
0 0.570304533199902 0.027722772277227723 0.3564356435643565 0.055445544554455446
2 0.41712383691865557 0.8086780006762175 0.38035881366057117 0.1952996216295625
2 0.42649916200606935 0.6458733180470593 0.3533662412826893 0.12304717330379367
2 0.4447540379327253 0.5096816387300506 0.366608588650712 0.11159996742749617
2 0.5409523028008233 0.18491482191561986 0.38585508044140315 0.13452174191170013
2 0.5236073823622633 0.05946640272899222 0.3754272605572018 0.11331493535110666
