1 0.47769390512577853 0.73840206185567 0.3642611683848797 0.20360824742268036
1 0.5000306748852287 0.6082474226804122 0.35395189003436417 0.1701030927835051
1 0.5326767229951943 0.49355670103092775 0.3367697594501718 0.17783505154639173
1 0.5532952796962252 0.3737113402061855 0.32302405498281783 0.1701030927835051
1 0.5842231147477716 0.25644329896907214 0.35738831615120265 0.15721649484536082
1 0.608278097565641 0.13144329896907214 0.3230240549828178 0.1494845360824742
1 0.6340512934419297 0.04639175257731958 0.33333333333333326 0.07216494845360824
2 0.4845667573594555 0.7654639175257731 0.38487972508591056 0.18041237113402053
2 0.48800318347629396 0.6353092783505154 0.38487972508591056 0.13659793814432997
2 0.5206492315862595 0.5141752577319587 0.40893470790377995 0.115979381443299
2 0.5429860013457097 0.3582474226804123 0.34364261168384874 0.1649484536082474
2 0.5825049016893523 0.23324742268041232 0.374570446735395 0.13144329896907211
2 0.5979688192151256 0.12242268041237112 0.36426116838487976 0.14175257731958762
2 0.6151509497993181 0.03737113402061855 0.3917525773195875 0.0747422680412371
