1 0.47987851176917234 0.7482915717539863 0.34016704631738803 0.1617312072892938
1 0.5072133637053912 0.6264236902050113 0.32194381169324227 0.1503416856492027
1 0.5345482156416098 0.5091116173120729 0.3158694001518603 0.14806378132118447
1 0.5466970387243736 0.3917995444191344 0.3280182232346242 0.14578587699316625
1 0.5846621108580107 0.27904328018223234 0.3189066059225512 0.15717539863325738
1 0.6104783599088838 0.16173120728929385 0.3219438116932422 0.14578587699316628
1 0.636294608959757 0.04100227790432802 0.337129840546697 0.08200455580865604
2 0.4766935517911359 0.8057759014856827 0.3593306796457247 0.14317081767134343
2 0.49540869135601745 0.6443578227385798 0.336872512167867 0.11229083738928902
2 0.5290959425728041 0.5236451725450941 0.3293864563419144 0.10106175365036013
2 0.5534256240071501 0.3762634484716524 0.31815737260298543 0.137556275801879
2 0.6039565008323301 0.26256897561499726 0.3368725121678669 0.112290837389289
2 0.6076995287453064 0.1376454190194133 0.3293864563419144 0.08702539897669895
2 0.6301576962231642 0.03798730083641932 0.3144143446900092 0.07298904430303783
