1 0.45707534842474756 0.756443298969072 0.34364261168384874 0.18814432989690721
1 0.481130331242617 0.6288659793814433 0.3298969072164948 0.15463917525773196
1 0.524085657703098 0.5103092783505154 0.32646048109965625 0.1649484536082474
1 0.5326767229951943 0.3969072164948453 0.3505154639175257 0.17010309278350516
1 0.5721956233388369 0.27319587628865977 0.34020618556701027 0.17010309278350513
1 0.5996870322735447 0.1649484536082474 0.33333333333333326 0.1649484536082474
1 0.6254602281498335 0.06443298969072164 0.3367697594501718 0.11855670103092782
2 0.4587935614831668 0.7912371134020617 0.38144329896907214 0.1701030927835051
2 0.47769390512577853 0.6417525773195876 0.34364261168384874 0.1391752577319587
2 0.517212805469421 0.5257731958762886 0.33333333333333326 0.10309278350515466
2 0.5275220838199366 0.3724226804123711 0.34020618556701027 0.16752577319587625
2 0.5721956233388369 0.25257731958762886 0.3333333333333333 0.1185567010309278
2 0.5945323930982871 0.13144329896907214 0.3092783505154639 0.1494845360824742
2 0.6323330803835104 0.03737113402061855 0.3505154639175257 0.06958762886597937
