1 0.4691028398336823 0.7332474226804122 0.34020618556701027 0.16752577319587625
0 0.4897213965347132 0.6121134020618555 0.3195876288659793 0.1520618556701031
1 0.524085657703098 0.49613402061855666 0.3195876288659793 0.15721649484536082
0 0.5550134927546445 0.3762886597938144 0.3058419243986254 0.15979381443298968
1 0.5807866886309331 0.25773195876288657 0.32989690721649484 0.15463917525773196
1 0.6117145236824796 0.14304123711340205 0.32989690721649484 0.1572164948453608
1 0.6340512934419297 0.05412371134020618 0.33333333333333326 0.10824742268041236
2 0.47769390512577853 0.7706185567010309 0.34364261168384874 0.1649484536082474
2 0.5120581662941633 0.5219072164948453 0.3298969072164948 0.115979381443299
2 0.5859413278061908 0.2319587628865979 0.34020618556701027 0.11855670103092783
2 0.6185873759161565 0.11597938144329895 0.3505154639175257 0.15463917525773194
2 0.6272733564520004 0.0253092826006713 0.35490622967377133 0.0506185652013426
