1 0.49810174639331817 0.7300683371298405 0.3280182232346241 0.1617312072892938
1 0.5117691723614275 0.6002277904328018 0.3189066059225513 0.14806378132118447
1 0.5375854214123007 0.47835990888382685 0.32194381169324227 0.1548974943052392
1 0.5603644646924829 0.3587699316628702 0.30675778283978744 0.15261958997722097
1 0.5861807137433561 0.24259681093394078 0.3219438116932422 0.15261958997722097
1 0.6089597570235383 0.12756264236902048 0.3310554290053151 0.14578587699316628
1 0.6347760060744115 0.04441913439635535 0.340167046317388 0.0888382687927107
2 0.49171235841252453 0.7570909516397204 0.351436722108351 0.15602578610844897
2 0.48868273149779745 0.6237873673917254 0.3372984631729576 0.13178877079063167
2 0.529077757027493 0.4995726638879116 0.3090219453021707 0.0984628747286328
2 0.5567786597710497 0.3403805031793865 0.32777742378213687 0.14847343701022536
2 0.5957225121016007 0.22719993234372288 0.34724934994741224 0.13143550161560935
2 0.6038358146704654 0.1444442461413022 0.3375133868647746 0.03407587078923205
