1 0.4708210528921016 0.7551546391752576 0.3711340206185567 0.2061855670103092
0 0.49143960959313243 0.6301546391752576 0.3505154639175257 0.19329896907216493
1 0.5223674446446789 0.5103092783505154 0.3367697594501718 0.18556701030927836
0 0.5532952796962252 0.3943298969072164 0.3298969072164948 0.1804123711340206
1 0.594532393098287 0.2757731958762886 0.32302405498281783 0.18041237113402056
1 0.6099963106240602 0.1546391752577319 0.3058419243986254 0.1546391752577319
1 0.6374877195587682 0.06443298969072164 0.3402061855670102 0.11855670103092782
2 0.4776939051257785 0.8002577319587627 0.32989690721649484 0.16752577319587625
2 0.5137763793525826 0.5373711340206184 0.34707903780068716 0.11082474226804118
2 0.5790684755725138 0.259020618556701 0.3470790378006872 0.12628865979381443
2 0.6048416714488026 0.12757731958762886 0.37113402061855666 0.1417525773195876
2 0.6443605717924452 0.04768041237113401 0.3676975945017182 0.09536082474226802
