1 0.4897213965347132 0.7719072164948453 0.35395189003436417 0.2190721649484536
1 0.5189310185278403 0.6262886597938144 0.32989690721649473 0.1701030927835051
1 0.5429860013457097 0.5231958762886597 0.34364261168384874 0.19072164948453607
1 0.5842231147477716 0.40077319587628857 0.3367697594501718 0.17268041237113402
1 0.6117145236824796 0.2796391752577319 0.3642611683848797 0.16752577319587625
1 0.6374877195587682 0.1610824742268041 0.3539518900343641 0.16752577319587625
1 0.6546698501429606 0.06829896907216494 0.34707903780068733 0.13144329896907214
2 0.4845667573594555 0.8002577319587627 0.38487972508591056 0.1829896907216494
2 0.5000306748852287 0.6533505154639174 0.3951890034364261 0.14175257731958757
2 0.5258038707615174 0.5309278350515463 0.4261168384879725 0.12371134020618552
2 0.5653227711051599 0.38273195876288657 0.3539518900343643 0.18814432989690716
2 0.6168691628577373 0.25257731958762886 0.3814432989690721 0.13402061855670103
2 0.6495152109677028 0.12628865979381443 0.33676975945017174 0.15463917525773194
2 0.6666973415518953 0.05541237113402061 0.35738831615120265 0.10567010309278349
