1 0.47769390512577853 0.7512886597938143 0.3367697594501718 0.1829896907216495
1 0.4983124618268094 0.6301546391752577 0.3505154639175257 0.17783505154639168
1 0.5309585099367751 0.5167525773195876 0.34020618556701027 0.1778350515463918
1 0.5584499188714829 0.3943298969072164 0.33333333333333326 0.1804123711340206
1 0.58765954086461 0.27706185567010305 0.34364261168384874 0.16752577319587625
1 0.6134327367408988 0.15592783505154637 0.3539518900343643 0.16237113402061853
1 0.6357695065003489 0.06958762886597938 0.35051546391752564 0.13402061855670103
2 0.47253926595052076 0.7731958762886597 0.35395189003436417 0.2061855670103092
2 0.4845667573594555 0.6391752577319587 0.34364261168384874 0.14432989690721654
2 0.5258038707615172 0.5257731958762886 0.3230240549828178 0.12371134020618557
2 0.5481406405209674 0.37499999999999994 0.31958762886597936 0.16237113402061853
2 0.5773502625140946 0.2628865979381443 0.34364261168384874 0.12886597938144329
2 0.6082780975656411 0.15077319587628862 0.3780068728522336 0.1417525773195876
2 0.628896654266672 0.052835051546391745 0.34364261168384874 0.09536082474226804
