1 0.4382544103992572 0.7298050139275766 0.4011142061281337 0.18941504178272983
1 0.4475394614670381 0.5974930362116992 0.4048282265552461 0.18105849582172706
1 0.48653667595171773 0.47214484679665736 0.38625812441968427 0.18662952646239556
0 0.5069637883008357 0.3398328690807799 0.3899721448467967 0.18384401114206125
0 0.5125348189415041 0.21309192200557103 0.4011142061281337 0.18105849582172706
1 0.5385329619312906 0.08495821727019498 0.3639740018570101 0.15877437325905291
0 0.6499535747446611 0.019498607242339833 0.24512534818941503 0.03899721448467967
2 0.415970287836583 0.7632311977715878 0.393686165273909 0.16713091922005574
2 0.4382544103992572 0.6253481894150418 0.4011142061281337 0.15877437325905297
2 0.4456824512534819 0.4777158774373259 0.40854224698235847 0.12534818941504172
2 0.5515320334261838 0.08913649025069638 0.3974001857010214 0.13370473537604458
