1 0.4862849704178747 0.7422680412371133 0.34020618556701027 0.19072164948453607
1 0.5086217401773249 0.6146907216494845 0.33676975945017174 0.17268041237113407
1 0.5326767229951943 0.4999999999999999 0.34364261168384874 0.17525773195876287
1 0.5550134927546445 0.3878865979381443 0.3539518900343643 0.17783505154639173
1 0.5859413278061908 0.26804123711340205 0.34020618556701027 0.16494845360824742
1 0.6203055889745758 0.15206185567010305 0.3470790378006872 0.17525773195876285
1 0.6392059326171874 0.05798969072164947 0.35051546391752564 0.11597938144329895
2 0.46910283983368223 0.786082474226804 0.3676975945017181 0.1649484536082474
2 0.4948760357099709 0.6391752577319587 0.3505154639175257 0.134020618556701
2 0.5154945924110019 0.5167525773195876 0.35738831615120276 0.10567010309278346
2 0.5532952796962252 0.3518041237113402 0.3436426116838487 0.15721649484536077
2 0.5825049016893523 0.24097938144329895 0.3676975945017181 0.13144329896907214
2 0.6082780975656411 0.11984536082474226 0.37113402061855666 0.13659793814432988
2 0.6323330803835104 0.03737113402061855 0.33676975945017174 0.0747422680412371
