1 0.4809656453110492 0.7632311977715878 0.3602599814298979 0.18941504178272983
1 0.5032497678737232 0.6309192200557103 0.3454038997214484 0.1754874651810585
1 0.5311049210770659 0.5139275766016713 0.3342618384401114 0.16434540389972147
1 0.5608170844939647 0.40250696378830086 0.37140204271123484 0.16991643454039002
1 0.5793871866295265 0.2757660167130919 0.3342618384401114 0.1671309192200557
1 0.6053853296193129 0.17270194986072424 0.3342618384401115 0.15598885793871864
1 0.6332404828226555 0.07103064066852367 0.3454038997214484 0.11977715877437325
2 0.4809656453110492 0.7883008356545961 0.3676880222841226 0.1727019498607243
2 0.48653667595171773 0.6462395543175488 0.3639740018570102 0.1504178272980501
2 0.5088207985143919 0.5278551532033426 0.35654596100278546 0.14206128133704732
2 0.5403899721448467 0.3816155988857939 0.3454038997214485 0.15041782729805014
2 0.584958217270195 0.2841225626740947 0.3751160631383473 0.10027855153203344
2 0.6072423398328691 0.15598885793871864 0.3231197771587743 0.16713091922005568
2 0.6369545032497679 0.05013927576601671 0.36025998142989785 0.08913649025069638
