1 0.4791086350974931 0.7465181058495822 0.3639740018570102 0.17827298050139284
0 0.5088207985143919 0.6239554317548747 0.3639740018570102 0.17827298050139273
1 0.5329619312906221 0.5041782729805014 0.3602599814298979 0.17827298050139279
0 0.5589600742804085 0.3816155988857939 0.3454038997214485 0.1615598885793872
1 0.5793871866295265 0.26740947075208915 0.35654596100278546 0.17827298050139276
1 0.6258124419684309 0.14763231197771587 0.3528319405756732 0.15041782729805014
1 0.6425255338904364 0.06545961002785515 0.3342618384401115 0.11420612813370473
2 0.45868152274837515 0.7952646239554317 0.40482822655524603 0.16991643454038996
2 0.5348189415041783 0.5264623955431755 0.319405756731662 0.11699164345403906
2 0.6016713091922005 0.24651810584958217 0.3862581244196843 0.13091922005571033
2 0.6072423398328691 0.1295264623955432 0.4048282265552461 0.13649025069637885
2 0.6610956360259982 0.03899721448467967 0.3565459610027856 0.06685236768802229
