1 0.37130305992340523 0.7494558862737368 0.3684470749492366 0.2032811447995787
1 0.40094822687334375 0.6128763671115198 0.3684470749492366 0.16516593014965786
1 0.42000583419830434 0.4778849818930495 0.35574200339926304 0.16198966226216432
0 0.4496510011482429 0.34924613244956604 0.3642120510992454 0.18422353747461834
0 0.470826120398199 0.22219541694982928 0.3726820987992279 0.18422353747461834
1 0.5110588469731158 0.0967328353938392 0.35997702724925423 0.18104726958712491
0 0.5110588469731157 0.030102877343832442 0.38538717034920156 0.060205754687664884
2 0.37130305992340523 0.7843948330361645 0.3684470749492366 0.1715184659246446
2 0.3967132030233526 0.6382865102114672 0.44467750424907876 0.13975578704971048
2 0.40306573879833946 0.5032951249929969 0.3726820987992279 0.1302269833872302
2 0.4877662157981639 0.07298249382499361 0.3642120510992453 0.14596498764998722
