1 0.37140204271123495 0.7465181058495822 0.38625812441968427 0.17827298050139284
1 0.40297121634168986 0.6002785515320335 0.3751160631383472 0.1866295264623955
1 0.4103992571959146 0.4763231197771588 0.41225626740947074 0.18384401114206123
0 0.4308263695450325 0.3565459610027855 0.4382544103992572 0.17827298050139273
0 0.45311049210770654 0.22841225626740946 0.45311049210770654 0.1671309192200557
1 0.5013927576601671 0.11281337047353761 0.4308263695450325 0.18105849582172703
0 0.5162488393686165 0.036211699164345405 0.37883008356545966 0.061281337047353765
2 0.350974930362117 0.8036211699164346 0.39740018570102137 0.1977715877437326
2 0.3918291550603528 0.6559888579387186 0.3751160631383472 0.1754874651810585
2 0.3862581244196843 0.5041782729805013 0.4011142061281337 0.1448467966573816
2 0.4865366759517176 0.09192200557103064 0.4085422469823583 0.1392757660167131
