1 0.4759756920673593 0.7693298969072164 0.3745704467353952 0.19845360824742264
1 0.5017488879436479 0.6301546391752577 0.34364261168384874 0.17268041237113396
1 0.537831362170452 0.5103092783505154 0.34020618556701027 0.17525773195876282
1 0.5550134927546444 0.3969072164948453 0.34707903780068716 0.17525773195876287
1 0.5653227711051599 0.2809278350515464 0.34707903780068733 0.17525773195876287
1 0.6203055889745758 0.1649484536082474 0.3470790378006872 0.17010309278350513
1 0.6357695065003489 0.05670103092783504 0.35051546391752564 0.10824742268041235
2 0.46566641371684375 0.7899484536082473 0.3608247422680411 0.17268041237113396
2 0.46566641371684375 0.6391752577319587 0.37457044673539514 0.134020618556701
2 0.5103399532357442 0.5257731958762886 0.3608247422680413 0.11340206185567009
2 0.5429860013457097 0.3788659793814433 0.34364261168384874 0.1546391752577319
2 0.5790684755725138 0.2512886597938144 0.3470790378006872 0.12113402061855669
2 0.6306148673250912 0.1378865979381443 0.40893470790378 0.12113402061855667
2 0.6392059326171874 0.04123711340206185 0.3436426116838487 0.0824742268041237
