1 0.40668523676880214 0.7325905292479109 0.39740018570102126 0.19498607242339838
1 0.4233983286908078 0.6100278551532033 0.4011142061281337 0.20055710306406693
1 0.4308263695450325 0.47493036211699163 0.38625812441968427 0.15877437325905286
0 0.4753946146703807 0.3481894150417827 0.37140204271123495 0.17270194986072424
1 0.48839368616527395 0.21727019498607242 0.38254410399257194 0.1671309192200557
1 0.5051067780872794 0.08913649025069637 0.32683379758588665 0.1727019498607242
0 0.5831012070566387 0.027855153203342618 0.23026926648096566 0.04456824512534819
2 0.4011142061281337 0.7994428969359331 0.4011142061281337 0.16713091922005574
2 0.415970287836583 0.6337047353760445 0.38625812441968427 0.1643454038997214
2 0.45125348189415043 0.48746518105849584 0.38254410399257194 0.09470752089136492
2 0.5013927576601671 0.181058495821727 0.393686165273909 0.12813370473537605
2 0.5181058495821728 0.06685236768802229 0.3676880222841226 0.12256267409470753
