1 0.4605385329619313 0.7493036211699164 0.35654596100278546 0.15598885793871875
0 0.48839368616527395 0.6211699164345403 0.3899721448467967 0.18384401114206128
1 0.5236768802228412 0.50974930362117 0.3491179201485608 0.16713091922005574
0 0.5496750232126276 0.39275766016713093 0.3639740018570103 0.18384401114206128
1 0.5775301764159703 0.2771587743732591 0.3454038997214485 0.15877437325905291
1 0.6239554317548747 0.15459610027855153 0.38625812441968427 0.16434540389972147
1 0.6332404828226555 0.06545961002785515 0.3454038997214484 0.1309192200557103
2 0.456824512534819 0.7883008356545962 0.3862581244196843 0.18384401114206128
2 0.4939647168059424 0.5250696378830083 0.3639740018570102 0.15877437325905291
2 0.564531104921077 0.25069637883008355 0.4011142061281337 0.12256267409470753
2 0.6053853296193129 0.1350974930362117 0.3788300835654596 0.12534818941504178
2 0.6406685236768802 0.04317548746518106 0.3751160631383472 0.07520891364902507
