1 0.5051853140604864 0.7538659793814432 0.3505154639175257 0.20360824742268036
1 0.5223674446446789 0.6198453608247422 0.3505154639175258 0.1778350515463918
1 0.5498588535793867 0.5038659793814433 0.32302405498281783 0.17268041237113396
1 0.5721956233388369 0.3891752577319587 0.3333333333333333 0.15979381443298968
1 0.6065598845072218 0.2693298969072165 0.3333333333333332 0.16752577319587628
1 0.6237420150914142 0.15850515463917525 0.34020618556701027 0.16752577319587628
1 0.6546698501429606 0.06314432989690721 0.36082474226804123 0.11597938144329896
2 0.48800318347629396 0.7822164948453607 0.37113402061855666 0.16752577319587636
2 0.49659424876839015 0.6353092783505154 0.35395189003436417 0.13144329896907225
2 0.5343949360536135 0.5244845360824741 0.3814432989690721 0.11082474226804123
2 0.5618863449883215 0.3737113402061855 0.3539518900343643 0.1649484536082474
2 0.5996870322735449 0.25257731958762886 0.36082474226804123 0.13402061855670103
2 0.6237420150914142 0.1301546391752577 0.40206185567010305 0.14175257731958762
2 0.6443605717924452 0.04639175257731958 0.3539518900343643 0.07731958762886597
