1 0.49659424876839015 0.7306701030927834 0.3676975945017181 0.1829896907216494
1 0.517212805469421 0.6095360824742267 0.32646048109965625 0.1829896907216495
1 0.5481406405209674 0.48840206185567003 0.3402061855670102 0.17783505154639173
1 0.5721956233388369 0.37757731958762886 0.35395189003436417 0.18298969072164945
1 0.6065598845072219 0.25257731958762886 0.34707903780068733 0.16494845360824742
1 0.6203055889745758 0.13530927835051546 0.3333333333333333 0.17783505154639173
1 0.6512334240261222 0.05025773195876288 0.3676975945017182 0.10051546391752576
2 0.4862849704178747 0.7693298969072164 0.3676975945017182 0.17268041237113396
2 0.5034671010020672 0.6275773195876289 0.3676975945017181 0.1469072164948454
2 0.5258038707615174 0.5167525773195876 0.34364261168384874 0.11082474226804129
2 0.5550134927546444 0.3530927835051546 0.3402061855670102 0.17525773195876287
2 0.5996870322735449 0.22680412371134018 0.3539518900343643 0.12371134020618557
2 0.6099963106240602 0.11855670103092783 0.3883161512027491 0.13402061855670103
2 0.6477969979092837 0.03350515463917525 0.34707903780068733 0.0670103092783505
