1 0.47253926595052076 0.7615979381443297 0.35395189003436417 0.20360824742268036
1 0.5017488879436479 0.6237113402061855 0.35738831615120265 0.19072164948453607
1 0.5326767229951943 0.5115979381443299 0.3367697594501718 0.1829896907216495
1 0.5481406405209674 0.393041237113402 0.34707903780068716 0.16752577319587625
1 0.5910959669814485 0.27319587628865977 0.3505154639175257 0.17010309278350513
1 0.6117145236824796 0.15721649484536082 0.34364261168384874 0.17525773195876287
1 0.6237420150914142 0.0631443298969072 0.31958762886597936 0.12113402061855667
2 0.46566641371684375 0.7847938144329896 0.37457044673539514 0.1829896907216495
2 0.47425747900894005 0.634020618556701 0.3642611683848797 0.1340206185567011
2 0.517212805469421 0.5231958762886597 0.32646048109965625 0.11340206185567009
2 0.537831362170452 0.3788659793814433 0.34020618556701027 0.1546391752577319
2 0.5859413278061908 0.2538659793814433 0.3608247422680411 0.13659793814432988
2 0.5996870322735449 0.1301546391752577 0.3539518900343643 0.15206185567010305
2 0.6357695065003489 0.038659793814432984 0.35051546391752564 0.07731958762886597
