1 0.5013927576601671 0.743732590529248 0.393686165273909 0.18384401114206128
0 0.5069637883008357 0.6114206128133705 0.3454038997214484 0.15877437325905297
1 0.5459610027855153 0.49303621169916434 0.32683379758588665 0.13927576601671315
0 0.5701021355617456 0.37743732590529244 0.3751160631383472 0.15877437325905291
1 0.5979572887650882 0.25348189415041783 0.3342618384401114 0.1615598885793872
1 0.6220984215413184 0.14206128133704737 0.33797585886722387 0.15041782729805014
1 0.6425255338904363 0.055710306406685235 0.3491179201485608 0.11142061281337047
2 0.48282265552460535 0.7632311977715878 0.4233983286908078 0.16713091922005574
2 0.5236768802228412 0.5083565459610028 0.3491179201485608 0.10306406685236769
2 0.5831012070566388 0.24512534818941506 0.3639740018570102 0.13927576601671313
2 0.6406685236768802 0.12256267409470753 0.41968430826369546 0.14484679665738162
2 0.6443825441039925 0.025069637883008356 0.3454038997214484 0.05013927576601671
