1 0.5032497678737232 0.7284122562674095 0.3454038997214484 0.1754874651810585
0 0.5199628597957289 0.6183844011142061 0.37140204271123495 0.17827298050139273
1 0.5533890436397401 0.4972144846796658 0.32683379758588665 0.181058495821727
0 0.5849582172701949 0.37743732590529244 0.3454038997214484 0.16434540389972147
1 0.5998142989786444 0.2576601671309192 0.3379758588672237 0.16434540389972144
1 0.6313834726090993 0.1448467966573816 0.3565459610027856 0.1448467966573816
1 0.6536675951717734 0.06267409470752089 0.3639740018570102 0.10863509749303621
2 0.4865366759517178 0.7799442896935933 0.37883008356545966 0.18941504178272983
2 0.5441039925719591 0.5139275766016713 0.3528319405756731 0.12534818941504172
2 0.5998142989786445 0.23259052924791085 0.3602599814298979 0.1309192200557103
2 0.6239554317548747 0.10863509749303621 0.3639740018570102 0.17270194986072424
2 0.670380687093779 0.033426183844011144 0.3528319405756731 0.055710306406685235
