1 0.403810743613751 0.7190721649484535 0.3676975945017181 0.19072164948453607
1 0.41412002196426645 0.5824742268041236 0.37457044673539514 0.18041237113402064
1 0.4553571353663283 0.4523195876288659 0.3676975945017182 0.1829896907216495
0 0.4691028398336823 0.3260309278350515 0.38144329896907214 0.18298969072164947
0 0.49315782265155167 0.2010309278350515 0.3951890034364261 0.1855670103092783
1 0.5223674446446788 0.08505154639175255 0.3986254295532645 0.15979381443298965
0 0.6409241456756066 0.01804123711340206 0.24398625429553258 0.030927835051546386
2 0.37631933467904305 0.756443298969072 0.39518900343642605 0.1829896907216495
2 0.4158382350226857 0.6082474226804122 0.3780068728522336 0.14948453608247425
2 0.4158382350226857 0.4780927835051546 0.3780068728522336 0.12113402061855671
2 0.5000306748852287 0.06701030927835051 0.3951890034364261 0.12371134020618556
