1 0.48839368616527395 0.7367688022284122 0.36025998142989785 0.19220055710306405
0 0.49025069637883006 0.6211699164345403 0.34168987929433614 0.17270194986072418
1 0.5273909006499535 0.5139275766016713 0.32683379758588665 0.14763231197771587
0 0.5441039925719592 0.38579387186629527 0.3602599814298979 0.1643454038997214
1 0.5868152274837511 0.26740947075208915 0.3565459610027855 0.15598885793871867
1 0.584958217270195 0.1448467966573816 0.3751160631383473 0.15598885793871864
1 0.6369545032497679 0.06267409470752089 0.36025998142989785 0.11977715877437325
2 0.456824512534819 0.7743732590529249 0.37883008356545966 0.16713091922005574
2 0.5088207985143919 0.5167130919220055 0.3862581244196844 0.12534818941504183
2 0.5942432683379759 0.24094707520891365 0.3565459610027855 0.13649025069637882
2 0.6053853296193129 0.12534818941504178 0.40854224698235847 0.116991643454039
2 0.6406685236768802 0.04317548746518106 0.3454038997214485 0.0807799442896936
