1 0.42896935933147634 0.7729805013927578 0.3899721448467967 0.16991643454038996
1 0.44382544103992566 0.6337047353760445 0.38254410399257194 0.1866295264623956
1 0.48282265552460535 0.4972144846796657 0.3639740018570102 0.16991643454038996
0 0.5013927576601671 0.37604456824512533 0.3788300835654595 0.17270194986072424
0 0.5348189415041782 0.24233983286908078 0.37140204271123484 0.1615598885793872
1 0.5552460538532963 0.13649025069637882 0.36025998142989785 0.17270194986072424
1 0.5793871866295265 0.04456824512534819 0.3862581244196843 0.08913649025069638
2 0.4215413184772516 0.7994428969359332 0.40482822655524603 0.17827298050139273
2 0.45311049210770654 0.6545961002785515 0.3862581244196843 0.16713091922005563
2 0.4698235840297122 0.532033426183844 0.3676880222841225 0.10584958217270202
2 0.5589600742804085 0.12116991643454039 0.36025998142989785 0.14206128133704737
2 0.5608170844939647 0.023676880222841225 0.3491179201485608 0.036211699164345405
