1 0.4772516248839369 0.7200557103064067 0.3454038997214485 0.1754874651810585
0 0.5162488393686165 0.5988857938718662 0.34911792014856075 0.1615598885793872
1 0.5348189415041783 0.479108635097493 0.3342618384401115 0.1504178272980501
0 0.5608170844939647 0.3593314763231198 0.3342618384401114 0.17827298050139279
1 0.5812441968430826 0.24651810584958217 0.3528319405756731 0.16991643454038996
1 0.6202414113277622 0.13509749303621169 0.3491179201485608 0.16434540389972144
1 0.6406685236768802 0.04596100278551532 0.3602599814298979 0.08635097493036212
2 0.4698235840297122 0.7604456824512535 0.3528319405756732 0.17270194986072418
2 0.5088207985143919 0.5 0.3788300835654596 0.11977715877437323
2 0.5868152274837511 0.22701949860724235 0.3565459610027855 0.13091922005571033
2 0.6035283194057567 0.10584958217270196 0.3602599814298979 0.12256267409470753
2 0.6128133704735376 0.027855153203342618 0.3045496750232126 0.04456824512534819
