1 0.3746011216206238 0.7358247422680411 0.37113402061855666 0.1881443298969071
1 0.410683595847428 0.5914948453608246 0.3745704467353952 0.16752577319587625
1 0.43817500478213595 0.46649484536082464 0.3470790378006872 0.1855670103092783
0 0.4450478570158129 0.34020618556701027 0.3676975945017181 0.19072164948453607
0 0.48284854430103624 0.20489690721649484 0.3814432989690721 0.19329896907216493
1 0.4983124618268094 0.08891752577319587 0.3642611683848796 0.17783505154639173
0 0.5601681319299022 0.02190721649484536 0.3092783505154639 0.04381443298969072
2 0.3642918432701084 0.7731958762886597 0.4054982817869415 0.1701030927835051
2 0.3935014652632356 0.6288659793814432 0.40206185567010305 0.1391752577319587
2 0.40037431749691255 0.49742268041237103 0.35395189003436417 0.11340206185567009
2 0.481130331242617 0.06572164948453607 0.39175257731958757 0.11082474226804123
