1 0.49315782265155167 0.7667525773195876 0.3470790378006872 0.1881443298969071
0 0.5258038707615174 0.6404639175257731 0.3367697594501718 0.17268041237113396
1 0.5653227711051599 0.527061855670103 0.34020618556701027 0.17783505154639173
0 0.5910959669814485 0.4085051546391752 0.3505154639175257 0.17268041237113396
1 0.6151509497993181 0.2835051546391752 0.3367697594501718 0.16494845360824736
1 0.6374877195587682 0.1765463917525773 0.34707903780068716 0.16237113402061853
1 0.6649791284934761 0.07989690721649483 0.34020618556701027 0.1494845360824742
2 0.4948760357099709 0.8054123711340204 0.3917525773195876 0.17783505154639168
2 0.5343949360536135 0.5438144329896906 0.3470790378006872 0.11340206185567003
2 0.6031234583903834 0.2641752577319587 0.36082474226804123 0.11597938144329897
2 0.6254602281498335 0.14819587628865977 0.38487972508591056 0.14175257731958762
2 0.6615427023766376 0.050257731958762875 0.35395189003436417 0.0902061855670103
