1 0.4622299876000053 0.7126288659793814 0.31958762886597936 0.13659793814432986
1 0.48284854430103624 0.6069587628865978 0.31271477663230235 0.1469072164948454
1 0.5086217401773249 0.4871134020618556 0.3092783505154639 0.1391752577319587
1 0.5361131491120328 0.375 0.30927835051546393 0.14690721649484534
1 0.558449918871483 0.2538659793814433 0.31271477663230235 0.15206185567010305
1 0.5859413278061908 0.13530927835051546 0.31958762886597936 0.15206185567010308
1 0.615150949799318 0.055412371134020616 0.3161512027491408 0.10051546391752576
2 0.4708210528921015 0.7603092783505154 0.3230240549828178 0.15463917525773196
2 0.46738462677526305 0.6172680412371133 0.3230240549828178 0.13659793814432986
2 0.49143960959313243 0.49871134020618546 0.32989690721649484 0.12113402061855666
2 0.5275220838199365 0.35051546391752575 0.31271477663230235 0.13917525773195877
2 0.5618863449883215 0.23582474226804123 0.32646048109965625 0.10051546391752578
2 0.5945323930982871 0.11211340206185566 0.3092783505154639 0.13144329896907214
2 0.6168691628577373 0.028350515463917522 0.3333333333333333 0.056701030927835044
