1 0.410683595847428 0.7796391752577319 0.3676975945017182 0.16752577319587625
1 0.4364567917237167 0.6237113402061856 0.3505154639175257 0.15463917525773196
1 0.4553571353663283 0.49484536082474223 0.34020618556701027 0.15463917525773196
0 0.48284854430103624 0.3672680412371133 0.35395189003436417 0.17268041237113402
0 0.5086217401773249 0.24613402061855666 0.3436426116838487 0.1572164948453608
1 0.5309585099367751 0.12242268041237113 0.35395189003436417 0.15721649484536082
1 0.558449918871483 0.03350515463917525 0.3676975945017182 0.0670103092783505
2 0.403810743613751 0.8170103092783504 0.402061855670103 0.21134020618556693
2 0.4313021525484589 0.6507731958762886 0.35395189003436417 0.13659793814432986
2 0.43817500478213595 0.5167525773195876 0.3676975945017182 0.1005154639175257
2 0.5343949360536135 0.09536082474226804 0.3814432989690721 0.11340206185567009
2 0.5515770666378059 0.015463917525773193 0.3264604810996563 0.030927835051546386
