1 0.4175564480811049 0.7177835051546391 0.3676975945017182 0.17268041237113407
1 0.4536389223079091 0.5889175257731958 0.3711340206185567 0.17783505154639173
1 0.47597569206735924 0.4548969072164948 0.3470790378006872 0.1778350515463918
0 0.5034671010020672 0.3350515463917525 0.38144329896907214 0.1804123711340206
0 0.5120581662941635 0.20876288659793812 0.3711340206185567 0.17525773195876285
1 0.5567317058130637 0.08762886597938144 0.3848797250859106 0.17010309278350513
0 0.6099963106240603 0.020618556701030924 0.28522336769759443 0.03608247422680412
2 0.4278657264316204 0.7641752577319587 0.39518900343642605 0.2190721649484536
2 0.48800318347629396 0.6030927835051545 0.3917525773195875 0.13917525773195882
2 0.46738462677526305 0.4858247422680412 0.39175257731958757 0.115979381443299
2 0.5395495752288713 0.0747422680412371 0.3642611683848796 0.134020618556701
