1 0.38068709377901583 0.7311977715877438 0.3899721448467966 0.18105849582172706
1 0.40854224698235847 0.5891364902506964 0.3862581244196843 0.18105849582172695
1 0.4382544103992572 0.4610027855153203 0.39368616527390904 0.1866295264623955
0 0.4623955431754874 0.3412256267409471 0.39740018570102137 0.19220055710306408
0 0.48653667595171773 0.21727019498607242 0.4233983286908078 0.18384401114206128
1 0.49025069637883006 0.09192200557103064 0.3862581244196844 0.1615598885793872
0 0.5886722376973074 0.022284122562674095 0.27855153203342614 0.04456824512534819
2 0.38254410399257194 0.7799442896935933 0.40854224698235847 0.18941504178272983
2 0.4308263695450325 0.6211699164345403 0.415970287836583 0.14484679665738154
2 0.43268337975858867 0.4874651810584958 0.4048282265552461 0.11699164345403895
2 0.4939647168059424 0.08217270194986073 0.3639740018570102 0.11420612813370475
