1 0.4642525533890436 0.7437325905292479 0.3491179201485608 0.19498607242339827
1 0.4809656453110492 0.6239554317548746 0.3305478180129991 0.16713091922005574
1 0.5032497678737232 0.5055710306406686 0.3528319405756732 0.1754874651810585
1 0.5348189415041783 0.38997214484679665 0.38625812441968427 0.17827298050139273
1 0.5719591457753017 0.2701949860724234 0.3862581244196843 0.17270194986072424
1 0.5886722376973074 0.14763231197771587 0.3751160631383472 0.17270194986072424
1 0.61652739090065 0.06267409470752089 0.37140204271123495 0.12534818941504178
2 0.4401114206128134 0.7896935933147633 0.4345403899721448 0.16991643454038996
2 0.4568245125348189 0.626740947075209 0.393686165273909 0.128133704735376
2 0.510677808727948 0.5222841225626741 0.4048282265552461 0.10863509749303618
2 0.5162488393686165 0.36490250696378834 0.3565459610027855 0.17270194986072424
2 0.5719591457753017 0.25208913649025066 0.39368616527390893 0.13091922005571027
2 0.5942432683379758 0.1309192200557103 0.38625812441968427 0.14484679665738162
2 0.6313834726090993 0.04735376044568245 0.3565459610027856 0.0947075208913649
