1 0.41927466113952416 0.756443298969072 0.37113402061855666 0.21391752577319578
1 0.4450478570158129 0.6198453608247422 0.3676975945017181 0.1829896907216495
1 0.47769390512577853 0.48453608247422675 0.35738831615120276 0.18041237113402064
0 0.5034671010020672 0.35438144329896903 0.3883161512027491 0.17783505154639173
1 0.5258038707615172 0.22422680412371132 0.4054982817869415 0.17525773195876285
1 0.5618863449883215 0.10309278350515463 0.36082474226804123 0.17010309278350513
1 0.5704774102804177 0.03350515463917526 0.3780068728522336 0.06185567010309278
2 0.4175564480811049 0.8002577319587628 0.40893470790378 0.19845360824742264
2 0.4313021525484589 0.6456185567010309 0.402061855670103 0.14690721649484528
2 0.4450478570158129 0.5064432989690721 0.402061855670103 0.11597938144329889
2 0.5618863449883215 0.22422680412371132 0.3883161512027491 0.15463917525773196
2 0.5567317058130637 0.08762886597938144 0.39175257731958757 0.11340206185567009
2 0.5996870322735448 0.01804123711340206 0.23024054982817863 0.025773195876288655
