1 0.4791086350974931 0.7493036211699164 0.3639740018570102 0.18941504178272983
0 0.5032497678737232 0.6295264623955432 0.3454038997214484 0.17827298050139284
1 0.5329619312906221 0.5139275766016713 0.33054781801299904 0.1699164345403899
0 0.5589600742804085 0.38997214484679665 0.3454038997214485 0.16713091922005574
1 0.6072423398328691 0.2757660167130919 0.36025998142989785 0.1727019498607242
1 0.6090993500464252 0.17270194986072424 0.32683379758588677 0.16713091922005574
1 0.6462395543175488 0.06406685236768803 0.3565459610027855 0.116991643454039
2 0.4716805942432683 0.786908077994429 0.393686165273909 0.18105849582172695
2 0.521819870009285 0.5362116991643454 0.38254410399257194 0.13649025069637882
2 0.5886722376973074 0.26740947075208915 0.39740018570102126 0.13370473537604458
2 0.6035283194057567 0.1309192200557103 0.40482822655524603 0.15041782729805014
2 0.6573816155988857 0.04735376044568245 0.393686165273909 0.08356545961002786
