1 0.42896935933147634 0.7493036211699164 0.4048282265552461 0.20612813370473537
1 0.4401114206128134 0.6002785515320335 0.3676880222841225 0.19220055710306405
1 0.4642525533890436 0.4777158774373259 0.3788300835654596 0.19220055710306405
0 0.48839368616527395 0.3579387186629527 0.38254410399257194 0.18662952646239556
1 0.5125348189415041 0.2200557103064067 0.4308263695450325 0.18384401114206128
1 0.5292479108635098 0.09610027855153203 0.4196843082636954 0.17548746518105848
0 0.6035283194057567 0.027855153203342618 0.3082636954503249 0.055710306406685235
2 0.40854224698235847 0.8008356545961003 0.4308263695450325 0.1643454038997214
2 0.4401114206128134 0.6532033426183843 0.3676880222841225 0.16991643454038996
2 0.456824512534819 0.5041782729805013 0.3565459610027855 0.12256267409470756
2 0.5663881151346333 0.1991643454038997 0.3751160631383473 0.14763231197771587
2 0.521819870009285 0.07799442896935933 0.4048282265552461 0.13370473537604458
