1 0.4416114308989744 0.7461340206185566 0.3608247422680411 0.19329896907216493
0 0.47425747900894005 0.6069587628865978 0.3642611683848797 0.17268041237113396
1 0.4948760357099709 0.479381443298969 0.35738831615120265 0.18041237113402053
0 0.5223674446446789 0.3518041237113402 0.3505154639175258 0.18814432989690716
0 0.5481406405209676 0.22293814432989686 0.36769759450171824 0.17783505154639173
1 0.5756320494556754 0.09922680412371132 0.35395189003436417 0.172680412371134
1 0.58765954086461 0.03479381443298968 0.3986254295532646 0.06443298969072163
2 0.4536389223079091 0.7628865979381443 0.3848797250859106 0.21134020618556704
2 0.4759756920673593 0.4999999999999999 0.36082474226804123 0.12886597938144323
2 0.558449918871483 0.08634020618556698 0.3745704467353952 0.1108247422680412
2 0.5739138363972561 0.015463917525773193 0.3642611683848797 0.020618556701030924
