1 0.47353760445682447 0.7367688022284122 0.3454038997214484 0.1866295264623955
1 0.5051067780872794 0.6086350974930361 0.34168987929433614 0.16991643454038996
1 0.5329619312906221 0.4874651810584958 0.33797585886722387 0.16155988857938713
1 0.5515320334261838 0.3788300835654596 0.3379758588672237 0.16713091922005574
1 0.5682451253481894 0.24233983286908078 0.3342618384401114 0.1727019498607242
1 0.6016713091922005 0.13788300835654596 0.3342618384401113 0.181058495821727
1 0.6313834726090993 0.052924791086350974 0.37140204271123484 0.0947075208913649
2 0.4716805942432683 0.7771587743732591 0.37883008356545966 0.19498607242339838
2 0.49582172701949867 0.616991643454039 0.33797585886722387 0.12534818941504178
2 0.5051067780872796 0.5055710306406686 0.3565459610027856 0.11977715877437328
2 0.5329619312906221 0.35654596100278546 0.3528319405756731 0.17270194986072424
2 0.5849582172701949 0.22701949860724235 0.3676880222841225 0.1253481894150418
2 0.5923862581244198 0.11002785515320335 0.3751160631383473 0.14206128133704735
2 0.6332404828226555 0.033426183844011144 0.3454038997214484 0.06685236768802229
