1 0.40896538278900874 0.7268041237113401 0.3986254295532645 0.18041237113402053
0 0.4450478570158129 0.5979381443298968 0.3676975945017181 0.19072164948453607
1 0.47941211818419777 0.47422680412371127 0.3470790378006872 0.17525773195876282
0 0.4897213965347132 0.34407216494845355 0.3814432989690721 0.17268041237113396
0 0.5051853140604864 0.2126288659793814 0.39175257731958757 0.19329896907216493
1 0.5361131491120328 0.09149484536082474 0.3917525773195876 0.16752577319587628
0 0.6203055889745758 0.030927835051546386 0.29896907216494834 0.056701030927835044
2 0.4948760357099709 0.7835051546391751 0.40549828178694153 0.17525773195876293
2 0.44332964395739366 0.4999999999999999 0.35738831615120265 0.11340206185567009
2 0.5429860013457098 0.06958762886597937 0.37800687285223367 0.11340206185567007
