1 0.4072471697305895 0.756443298969072 0.3745704467353952 0.19845360824742264
1 0.42958393949003976 0.6288659793814432 0.3711340206185567 0.19587628865979378
1 0.4553571353663283 0.4948453608247422 0.36082474226804123 0.1804123711340206
1 0.47941211818419777 0.3698453608247422 0.3676975945017182 0.18298969072164945
1 0.5069035271189056 0.24999999999999997 0.36769759450171824 0.1804123711340206
1 0.5292402968783558 0.12886597938144329 0.37113402061855666 0.17525773195876287
1 0.5429860013457097 0.03994845360824742 0.3917525773195876 0.07989690721649484
2 0.40037431749691255 0.8208762886597937 0.38144329896907214 0.19845360824742264
2 0.4175564480811049 0.6597938144329896 0.3883161512027491 0.1701030927835051
2 0.4364567917237167 0.5283505154639174 0.39175257731958757 0.12886597938144329
2 0.47769390512577853 0.3659793814432989 0.3848797250859106 0.17010309278350516
2 0.5395495752288713 0.22680412371134018 0.3848797250859107 0.17010309278350513
2 0.5000306748852287 0.08762886597938144 0.38144329896907214 0.14432989690721648
2 0.5395495752288713 0.024484536082474223 0.3161512027491409 0.048969072164948446
