1 0.45868152274837515 0.733983286908078 0.38254410399257194 0.20334261838440115
0 0.4642525533890436 0.6016713091922006 0.393686165273909 0.17827298050139273
1 0.48282265552460535 0.4665738161559889 0.319405756731662 0.16434540389972147
0 0.5143918291550603 0.34958217270194986 0.40482822655524603 0.1754874651810585
0 0.542246982358403 0.22980501392757657 0.37140204271123484 0.17548746518105848
1 0.5645311049210772 0.11420612813370473 0.371402042711235 0.17270194986072424
0 0.5868152274837511 0.03064066852367688 0.40111420612813364 0.06128133704735376
2 0.46796657381615603 0.7938718662952646 0.4233983286908078 0.18941504178272983
2 0.4716805942432683 0.49164345403899723 0.37140204271123495 0.14763231197771587
2 0.5608170844939647 0.10306406685236769 0.393686165273909 0.15041782729805014
