1 0.47597569206735924 0.7384020618556699 0.3333333333333333 0.1829896907216494
1 0.5017488879436479 0.6159793814432988 0.3161512027491409 0.1649484536082474
1 0.5326767229951943 0.4948453608247422 0.32989690721649484 0.17010309278350516
1 0.5601681319299022 0.38144329896907214 0.34364261168384885 0.17525773195876287
1 0.5807866886309331 0.25773195876288657 0.32989690721649484 0.17010309278350513
1 0.6117145236824796 0.1494845360824742 0.34364261168384874 0.1649484536082474
1 0.6340512934419297 0.0592783505154639 0.33333333333333326 0.11340206185567007
2 0.47769390512577853 0.7757731958762886 0.37113402061855666 0.17525773195876282
2 0.47769390512577853 0.6404639175257731 0.35738831615120276 0.12628865979381443
2 0.5103399532357442 0.5244845360824741 0.3608247422680413 0.11082474226804123
2 0.5532952796962252 0.3608247422680412 0.32302405498281783 0.15463917525773196
2 0.5807866886309331 0.23840206185567006 0.35738831615120265 0.11597938144329895
2 0.6168691628577373 0.11726804123711337 0.3470790378006872 0.13144329896907214
2 0.622023802032995 0.03737113402061855 0.34364261168384874 0.06443298969072164
