1 0.4753946146703807 0.756267409470752 0.34168987929433614 0.1977715877437326
1 0.48467966573816157 0.6267409470752089 0.3602599814298979 0.1727019498607243
1 0.521819870009285 0.5055710306406684 0.3454038997214485 0.16991643454038996
1 0.542246982358403 0.38997214484679665 0.35654596100278546 0.19498607242339833
1 0.5812441968430827 0.2674094707520891 0.3231197771587744 0.1225626740947075
1 0.584958217270195 0.1615598885793872 0.36025998142989785 0.15598885793871864
1 0.6425255338904363 0.055710306406685235 0.37140204271123484 0.11142061281337047
2 0.45496750232126276 0.7896935933147633 0.38254410399257194 0.16434540389972152
2 0.4772516248839369 0.6392757660167131 0.33797585886722376 0.1532033426183843
2 0.49767873723305484 0.5278551532033426 0.3565459610027855 0.11977715877437328
2 0.542246982358403 0.37743732590529244 0.32683379758588677 0.16434540389972147
2 0.5626740947075209 0.2520891364902507 0.3454038997214484 0.11977715877437325
2 0.584958217270195 0.149025069637883 0.4122562674094708 0.11420612813370473
2 0.6239554317548747 0.04596100278551532 0.34168987929433614 0.08635097493036212
