1 0.4536389223079091 0.7551546391752576 0.34364261168384874 0.2061855670103092
0 0.4983124618268094 0.6301546391752577 0.3367697594501718 0.17783505154639168
1 0.5343949360536135 0.5141752577319587 0.32646048109965636 0.16752577319587625
0 0.5550134927546445 0.3981958762886597 0.36769759450171824 0.19329896907216487
1 0.5790684755725138 0.2809278350515464 0.34020618556701027 0.17525773195876287
1 0.6168691628577373 0.16752577319587628 0.3333333333333333 0.17525773195876287
1 0.6392059326171874 0.06958762886597936 0.3573883161512026 0.12886597938144326
2 0.4708210528921016 0.7667525773195876 0.3711340206185567 0.20360824742268047
2 0.5051853140604864 0.536082474226804 0.3505154639175257 0.10824742268041232
2 0.5910959669814485 0.24999999999999994 0.3505154639175257 0.12371134020618554
2 0.628896654266672 0.12757731958762886 0.35738831615120265 0.1417525773195876
2 0.6563880632013799 0.04252577319587628 0.3642611683848797 0.08505154639175257
