1 0.3728829085622046 0.7319587628865978 0.3883161512027491 0.21134020618556704
1 0.3986561044384933 0.5927835051546391 0.3780068728522336 0.1701030927835051
1 0.4278657264316204 0.4703608247422679 0.3883161512027491 0.18814432989690716
0 0.45192070924948985 0.3376288659793814 0.3745704467353952 0.17525773195876285
0 0.47769390512577853 0.20876288659793812 0.37113402061855666 0.1804123711340206
1 0.5034671010020672 0.08891752577319585 0.3676975945017181 0.16752577319587625
0 0.5687591972219984 0.02577319587628866 0.2920962199312714 0.04639175257731958
2 0.36772826938694686 0.777061855670103 0.3986254295532645 0.1778350515463918
2 0.39693789138007407 0.6198453608247422 0.3608247422680411 0.13144329896907214
2 0.4072471697305895 0.47551546391752575 0.38144329896907214 0.14175257731958762
2 0.48800318347629396 0.06572164948453607 0.38487972508591056 0.13144329896907214
