1 0.40854224698235836 0.7813370473537604 0.3639740018570102 0.2089136490250696
1 0.4456824512534819 0.6337047353760445 0.37140204271123495 0.18105849582172695
1 0.4661095636025998 0.49582172701949856 0.38254410399257194 0.18941504178272978
1 0.49582172701949867 0.37604456824512533 0.35283194057567324 0.16713091922005568
1 0.5088207985143919 0.2590529247910863 0.3788300835654596 0.16155988857938716
1 0.5441039925719591 0.13649025069637882 0.36768802228412256 0.1615598885793872
1 0.5608170844939647 0.05013927576601671 0.37883008356545966 0.10027855153203342
2 0.42711234911792023 0.8231197771587744 0.40854224698235847 0.19220055710306405
2 0.4215413184772516 0.66991643454039 0.38254410399257194 0.15877437325905297
2 0.456824512534819 0.5348189415041783 0.40854224698235847 0.1337047353760446
2 0.445682451253482 0.40250696378830086 0.4531104921077067 0.13649025069637882
2 0.5441039925719592 0.2381615598885794 0.3751160631383473 0.1476323119777159
2 0.5143918291550603 0.10306406685236767 0.40482822655524603 0.15598885793871864
2 0.5552460538532963 0.03899721448467967 0.36025998142989785 0.07799442896935933
