1 0.4772516248839369 0.7534818941504178 0.3602599814298979 0.19220055710306416
0 0.5013927576601671 0.6364902506963788 0.34911792014856086 0.1866295264623955
1 0.5199628597957289 0.5069637883008357 0.32683379758588677 0.1727019498607243
0 0.5441039925719592 0.3969359331476323 0.3602599814298979 0.1866295264623955
0 0.5775301764159703 0.27298050139275765 0.31569173630454966 0.1671309192200557
0 0.6053853296193129 0.1629526462395543 0.3045496750232126 0.16991643454038996
0 0.6425255338904364 0.06128133704735376 0.3639740018570102 0.11142061281337047
2 0.4623955431754874 0.7994428969359331 0.4048282265552461 0.17270194986072418
2 0.510677808727948 0.5348189415041783 0.36025998142989774 0.1225626740947075
2 0.5663881151346333 0.266016713091922 0.3899721448467967 0.14206128133704737
2 0.5923862581244197 0.13370473537604458 0.3454038997214484 0.14484679665738162
2 0.6369545032497679 0.0584958217270195 0.33797585886722376 0.0947075208913649
