1 0.41782729805013924 0.7395543175487465 0.3751160631383472 0.15877437325905286
1 0.4363974001857011 0.6058495821727019 0.3602599814298979 0.18105849582172706
1 0.456824512534819 0.4721448467966574 0.37883008356545966 0.15320334261838442
0 0.5032497678737232 0.3579387186629526 0.3899721448467966 0.16991643454038996
0 0.49582172701949867 0.2214484679665738 0.3974001857010214 0.1532033426183844
1 0.5236768802228412 0.10027855153203342 0.37140204271123484 0.1671309192200557
0 0.5905292479108635 0.027855153203342618 0.23026926648096566 0.04456824512534819
2 0.40675685508152676 0.7725143186303223 0.41968430826369535 0.17270194986072418
2 0.4216129367899762 0.6248820066526064 0.38254410399257194 0.15598885793871864
2 0.4401830389255379 0.49535554425706335 0.40482822655524603 0.0919220055710307
2 0.5200344781084535 0.06777894258575422 0.37883008356545966 0.13370473537604455
