1 0.44939647168059427 0.756267409470752 0.3788300835654596 0.16991643454038996
1 0.4623955431754874 0.6100278551532033 0.3751160631383473 0.1504178272980501
1 0.5051067780872796 0.4818941504178273 0.3565459610027856 0.17270194986072418
0 0.510677808727948 0.3579387186629526 0.39740018570102126 0.1754874651810585
0 0.5199628597957289 0.2256267409470752 0.393686165273909 0.18384401114206125
1 0.542246982358403 0.12116991643454039 0.3862581244196843 0.1754874651810585
1 0.5571030640668524 0.04178272980501393 0.3862581244196844 0.07242339832869081
2 0.44939647168059427 0.786908077994429 0.40854224698235836 0.15877437325905297
2 0.4605385329619313 0.6504178272980501 0.37140204271123495 0.13091922005571022
2 0.4753946146703807 0.4986072423398329 0.3639740018570102 0.11699164345403901
2 0.5756731662024142 0.1128133704735376 0.39368616527390904 0.1532033426183844
2 0.5366759517177345 0.022284122562674095 0.2785515320334262 0.04456824512534819
