1 0.3286908077994429 0.7395543175487465 0.38254410399257194 0.18105849582172706
1 0.3435468895078923 0.5891364902506964 0.41968430826369546 0.18105849582172695
1 0.3899721448467967 0.4637883008356546 0.4011142061281337 0.1643454038997214
0 0.4252553389043639 0.3286908077994429 0.38254410399257194 0.1894150417827298
0 0.4382544103992572 0.2116991643454039 0.3862581244196843 0.16713091922005568
1 0.46796657381615603 0.09331476323119776 0.37140204271123495 0.16434540389972144
0 0.5441039925719592 0.023676880222841225 0.24141132776230276 0.04178272980501393
2 0.33797585886722376 0.7799442896935933 0.4233983286908078 0.16713091922005563
2 0.36768802228412256 0.6323119777158774 0.3639740018570102 0.1727019498607243
2 0.3695450324976788 0.4874651810584958 0.38254410399257194 0.11142061281337051
2 0.4475394614670381 0.06545961002785515 0.36768802228412256 0.11977715877437325
