1 0.4716805942432683 0.7729805013927576 0.3342618384401114 0.1866295264623956
0 0.4939647168059424 0.6406685236768802 0.38625812441968427 0.17827298050139273
1 0.5069637883008357 0.5181058495821727 0.3899721448467967 0.16155988857938713
0 0.5199628597957289 0.4011142061281337 0.35654596100278546 0.17827298050139273
1 0.5329619312906221 0.2757660167130919 0.41225626740947074 0.18941504178272983
1 0.5589600742804085 0.16016713091922008 0.39740018570102137 0.18662952646239556
1 0.638811513463324 0.06963788300835655 0.3416898792943362 0.12813370473537605
2 0.45125348189415043 0.7966573816155988 0.3899721448467967 0.20612813370473537
2 0.5218198700092851 0.5431754874651811 0.3602599814298979 0.1281337047353761
2 0.5663881151346333 0.2618384401114206 0.36025998142989785 0.12256267409470753
2 0.5868152274837511 0.1448467966573816 0.393686165273909 0.1448467966573816
2 0.6295264623955432 0.054317548746518104 0.3602599814298979 0.10306406685236769
