1 0.510677808727948 0.7493036211699164 0.3676880222841226 0.20612813370473537
0 0.5273909006499536 0.6128133704735376 0.3565459610027855 0.18941504178272983
1 0.5645311049210772 0.5 0.371402042711235 0.18662952646239556
0 0.5905292479108635 0.3871866295264624 0.32683379758588677 0.18384401114206128
1 0.6109563602599813 0.266016713091922 0.3454038997214485 0.16991643454038996
1 0.6369545032497679 0.15320334261838442 0.3676880222841226 0.1615598885793872
1 0.6666666666666666 0.06406685236768803 0.3379758588672237 0.11142061281337047
2 0.5194930693442655 0.7749091877495302 0.39426753379934315 0.1427520380997621
2 0.5398862176442315 0.5165959759499605 0.3625448586660626 0.12915660589978484
2 0.6237247162107585 0.24978561902540503 0.39426753379934326 0.14615089614975652
2 0.6327883376774102 0.13592387435059472 0.35801304793273697 0.10876345759981879
2 0.6667769181773534 0.03907164375034549 0.31722675133280487 0.07814328750069098
