1 0.4791086350974931 0.7367688022284122 0.3788300835654596 0.1866295264623955
1 0.5032497678737232 0.6197771587743732 0.3454038997214484 0.15877437325905297
1 0.5311049210770659 0.5013927576601671 0.3416898792943362 0.16713091922005574
1 0.5682451253481894 0.37743732590529244 0.34911792014856086 0.15877437325905291
1 0.584958217270195 0.266016713091922 0.36025998142989785 0.16991643454038996
1 0.638811513463324 0.137883008356546 0.3639740018570103 0.14206128133704737
1 0.6536675951717734 0.0584958217270195 0.34911792014856075 0.10584958217270195
2 0.47539461467038074 0.7952646239554317 0.4159702878365832 0.19220055710306405
2 0.4939647168059424 0.637883008356546 0.38625812441968427 0.1504178272980501
2 0.510677808727948 0.5292479108635098 0.38254410399257205 0.11699164345403901
2 0.5496750232126276 0.36629526462395545 0.37140204271123495 0.16991643454038996
2 0.5756731662024142 0.24094707520891367 0.3788300835654596 0.1476323119777159
2 0.61652739090065 0.11420612813370473 0.445682451253482 0.1615598885793872
2 0.6480965645311049 0.03064066852367688 0.3751160631383472 0.05013927576601671
