1 0.45125348189415043 0.7353760445682451 0.38254410399257194 0.20055710306406693
0 0.456824512534819 0.6044568245125348 0.3862581244196843 0.1615598885793872
1 0.49025069637883006 0.47493036211699163 0.35654596100278546 0.15320334261838442
0 0.49767873723305484 0.3412256267409471 0.3788300835654596 0.1754874651810585
0 0.5199628597957289 0.2298050139275766 0.35654596100278546 0.16434540389972147
1 0.542246982358403 0.10584958217270193 0.35654596100278546 0.15041782729805012
0 0.5831012070566389 0.026462395543175487 0.3342618384401115 0.04735376044568245
2 0.44382544103992566 0.7883008356545962 0.4345403899721449 0.20055710306406682
2 0.4809656453110492 0.49164345403899723 0.4048282265552461 0.12534818941504172
2 0.542246982358403 0.09331476323119776 0.35654596100278546 0.12534818941504178
