1 0.4623955431754874 0.7493036211699164 0.38254410399257194 0.20612813370473537
1 0.49025069637883006 0.6142061281337048 0.35654596100278546 0.18105849582172706
1 0.5143918291550603 0.5013927576601671 0.3602599814298979 0.17827298050139273
1 0.55338904363974 0.37604456824512533 0.3342618384401113 0.17827298050139279
1 0.5682451253481894 0.24233983286908078 0.3639740018570103 0.1727019498607242
1 0.6016713091922006 0.11838440111420612 0.3565459610027856 0.16434540389972144
1 0.6313834726090993 0.05153203342618384 0.3491179201485608 0.0807799442896936
2 0.45496750232126276 0.7910863509749304 0.38254410399257194 0.18941504178272972
2 0.4716805942432683 0.6225626740947076 0.393686165273909 0.14763231197771587
2 0.49767873723305484 0.50974930362117 0.3342618384401114 0.12256267409470756
2 0.5199628597957289 0.3565459610027855 0.3342618384401114 0.17827298050139273
2 0.5831012070566388 0.2200557103064067 0.3639740018570102 0.12256267409470756
2 0.5905292479108636 0.08913649025069637 0.37883008356545966 0.12813370473537603
2 0.6629526462395543 0.03899721448467967 0.27112349117920137 0.06685236768802229
