1 0.40552895667217026 0.7615979381443297 0.37800687285223367 0.19329896907216493
1 0.44332964395739366 0.6172680412371133 0.37113402061855666 0.18814432989690721
1 0.4587935614831668 0.48969072164948446 0.38144329896907214 0.19072164948453607
0 0.49315782265155167 0.3711340206185566 0.3676975945017181 0.1855670103092783
0 0.5034671010020672 0.24613402061855666 0.3883161512027491 0.17783505154639176
1 0.5429860013457097 0.1301546391752577 0.35738831615120265 0.17268041237113402
1 0.5412677882872905 0.05412371134020618 0.374570446735395 0.09278350515463916
2 0.39693789138007407 0.8118556701030927 0.39518900343642605 0.18041237113402064
2 0.4231099356094546 0.6605583673267844 0.4048858494096832 0.1633153006022252
2 0.4452255492326726 0.5240369832296118 0.38787383893028476 0.13014188016739814
2 0.5472273415607084 0.11973337982068023 0.36837865573316825 0.12663016290827656
2 0.5595703150808334 0.029128744280080218 0.41003553254429326 0.04589949991167461
