1 0.44196843082636955 0.7325905292479109 0.40854224698235847 0.20612813370473537
0 0.456824512534819 0.596100278551532 0.37883008356545966 0.17827298050139273
1 0.4772516248839369 0.46796657381615603 0.36768802228412256 0.16713091922005568
0 0.49767873723305484 0.34401114206128136 0.37140204271123495 0.19220055710306408
0 0.5181058495821728 0.2200557103064067 0.40482822655524603 0.1727019498607242
1 0.5533890436397401 0.09192200557103064 0.37883008356545966 0.1615598885793872
0 0.6239554317548747 0.03203342618384401 0.29712163416898796 0.06406685236768803
2 0.4233983286908078 0.7855153203342619 0.4308263695450325 0.17827298050139273
2 0.48282265552460535 0.48328690807799446 0.3565459610027855 0.10306406685236774
2 0.542246982358403 0.06824512534818941 0.4011142061281337 0.1309192200557103
