1 0.48282265552460535 0.7465181058495822 0.34168987929433614 0.18941504178272972
1 0.5032497678737232 0.6281337047353761 0.3454038997214484 0.16991643454038996
1 0.5273909006499536 0.4986072423398329 0.3416898792943361 0.18384401114206123
1 0.5533890436397401 0.3969359331476323 0.3639740018570102 0.1643454038997214
1 0.5589600742804085 0.2604456824512535 0.39740018570102137 0.1754874651810585
1 0.5868152274837511 0.15459610027855153 0.37140204271123495 0.15877437325905291
1 0.6313834726090993 0.06685236768802229 0.4159702878365832 0.12256267409470753
2 0.4716805942432683 0.7827298050139275 0.34911792014856086 0.18384401114206128
2 0.49025069637883006 0.6434540389972145 0.37140204271123495 0.128133704735376
2 0.5162488393686165 0.5306406685236769 0.3565459610027855 0.10863509749303624
2 0.5459610027855153 0.37604456824512533 0.34911792014856075 0.15041782729805014
2 0.5905292479108635 0.2562674094707521 0.3491179201485608 0.12813370473537603
2 0.6146703806870938 0.12813370473537605 0.36025998142989785 0.14484679665738162
2 0.6425255338904363 0.04317548746518106 0.3491179201485608 0.06963788300835655
