1 0.4698235840297122 0.754874651810585 0.3528319405756732 0.20612813370473537
1 0.5032497678737232 0.6128133704735376 0.3454038997214484 0.17827298050139273
1 0.5255338904363974 0.5083565459610028 0.33797585886722376 0.19777158774373266
1 0.55338904363974 0.38857938718662954 0.3342618384401113 0.1754874651810585
1 0.5868152274837511 0.2618384401114206 0.3268337975858868 0.1671309192200557
1 0.6146703806870938 0.14763231197771587 0.3305478180129991 0.1615598885793872
1 0.6348019873278042 0.0565818073580903 0.3641920721677905 0.1120590991285509
2 0.4760515968956905 0.7832150282697876 0.40154510521064085 0.1926015766271968
2 0.48538985515640304 0.6133754561530775 0.30816252260351495 0.13307018021515427
2 0.5110700653733626 0.52232743811113 0.3595229430374342 0.11906279282408538
2 0.5367502755903222 0.3699971002332561 0.373530330428503 0.16458680184505914
2 0.5927798251545977 0.2509343074091708 0.40154510521064074 0.14357572075845582
2 0.5904452605894195 0.11786412719401657 0.36886120129814676 0.14357572075845584
2 0.6231291645019135 0.04082349654313783 0.3221699099945839 0.08054247749864596
