1 0.49143960959313243 0.7731958762886597 0.3505154639175257 0.21649484536082475
1 0.5309585099367751 0.6417525773195876 0.3470790378006872 0.18556701030927836
1 0.5429860013457097 0.518041237113402 0.34364261168384874 0.18556701030927836
1 0.5807866886309331 0.39948453608247414 0.3642611683848796 0.1804123711340206
1 0.6065598845072219 0.2822164948453608 0.36082474226804123 0.17783505154639173
1 0.6340512934419297 0.16881443298969068 0.35395189003436417 0.18298969072164945
1 0.6632609154350568 0.0708762886597938 0.35738831615120265 0.1417525773195876
2 0.4897213965347132 0.8092783505154638 0.38831615120274904 0.18041237113402064
2 0.5069035271189056 0.6572164948453607 0.3745704467353952 0.1391752577319587
2 0.5223674446446789 0.5412371134020618 0.37113402061855666 0.12886597938144334
2 0.5739138363972561 0.3762886597938144 0.3367697594501718 0.15979381443298968
2 0.5910959669814486 0.2628865979381443 0.3848797250859106 0.1391752577319587
2 0.6460787848508643 0.14175257731958762 0.39175257731958757 0.16494845360824742
2 0.6770066199024107 0.04252577319587628 0.3711340206185567 0.08505154639175257
