1 0.47539461467038063 0.7381615598885793 0.35654596100278546 0.18384401114206128
1 0.49767873723305484 0.6086350974930362 0.3342618384401114 0.1643454038997214
1 0.5348189415041783 0.49303621169916434 0.34168987929433614 0.16713091922005568
1 0.5589600742804085 0.3871866295264624 0.3751160631383472 0.1615598885793872
1 0.575673166202414 0.25348189415041783 0.3639740018570102 0.18384401114206128
1 0.6035283194057567 0.13649025069637882 0.3899721448467966 0.15041782729805014
1 0.6313834726090993 0.04317548746518106 0.3565459610027856 0.08635097493036212
2 0.4605385329619313 0.7938718662952646 0.4011142061281337 0.20612813370473537
2 0.48653667595171773 0.6378830083565459 0.38625812441968427 0.1392757660167131
2 0.5069637883008357 0.5181058495821727 0.3899721448467967 0.11142061281337046
2 0.5385329619312906 0.3704735376044568 0.3788300835654596 0.17270194986072424
2 0.5831012070566388 0.2395543175487465 0.3639740018570102 0.12256267409470753
2 0.6072423398328691 0.12813370473537605 0.3825441039925719 0.14484679665738162
2 0.638811513463324 0.027855153203342618 0.3416898792943362 0.055710306406685235
