1 0.4716805942432683 0.7548746518105849 0.34911792014856086 0.17270194986072418
0 0.5088207985143919 0.6267409470752089 0.34911792014856086 0.1727019498607243
1 0.5311049210770659 0.5041782729805013 0.3491179201485608 0.17270194986072418
0 0.5589600742804085 0.3871866295264624 0.3528319405756732 0.1615598885793872
1 0.5868152274837511 0.2646239554317549 0.3639740018570101 0.1727019498607242
1 0.61652739090065 0.14206128133704735 0.37140204271123495 0.17270194986072424
1 0.6295264623955431 0.06128133704735376 0.36768802228412256 0.12256267409470752
2 0.4568245125348189 0.7883008356545961 0.4233983286908078 0.19498607242339827
2 0.5032497678737232 0.520891364902507 0.40482822655524603 0.15041782729805014
2 0.5793871866295265 0.24512534818941503 0.3862581244196843 0.1448467966573816
2 0.6146703806870938 0.13231197771587744 0.3899721448467967 0.14206128133704737
2 0.6443825441039926 0.04317548746518106 0.35283194057567324 0.06963788300835655
