1 0.4233983286908078 0.7270194986072424 0.41597028783658313 0.19498607242339827
1 0.4345403899721448 0.5863509749303621 0.3788300835654596 0.15877437325905297
1 0.4549675023212627 0.467966573816156 0.3676880222841225 0.17270194986072418
0 0.49025069637883006 0.3398328690807799 0.393686165273909 0.17827298050139279
0 0.5088207985143919 0.2200557103064067 0.393686165273909 0.18384401114206128
1 0.5329619312906221 0.09610027855153203 0.3528319405756731 0.17548746518105848
0 0.627669452181987 0.023676880222841225 0.2525533890436398 0.04178272980501393
2 0.4066852367688023 0.766016713091922 0.42711234911792023 0.14484679665738165
2 0.42896935933147634 0.6155988857938719 0.36768802228412256 0.1504178272980502
2 0.4549675023212627 0.4860724233983287 0.3751160631383472 0.15320334261838447
2 0.5292479108635098 0.08217270194986072 0.39740018570102126 0.14206128133704735
