1 0.46796657381615603 0.7674094707520891 0.3565459610027855 0.1866295264623955
1 0.48467966573816157 0.6323119777158774 0.3528319405756732 0.1504178272980501
1 0.5032497678737232 0.5139275766016713 0.36768802228412256 0.1754874651810585
1 0.5181058495821727 0.38857938718662954 0.3454038997214484 0.15320334261838442
1 0.5571030640668524 0.2785515320334262 0.34911792014856086 0.15598885793871867
1 0.6016713091922006 0.1629526462395543 0.34168987929433614 0.14763231197771587
1 0.627669452181987 0.05988857938718663 0.34911792014856086 0.11420612813370473
2 0.44939647168059427 0.7924791086350975 0.3788300835654596 0.1643454038997214
2 0.4605385329619313 0.6392757660167131 0.34168987929433614 0.11977715877437323
2 0.4939647168059424 0.5306406685236769 0.38625812441968427 0.11977715877437323
2 0.5348189415041782 0.36908077994428967 0.37140204271123484 0.17548746518105846
2 0.55338904363974 0.2590529247910863 0.40854224698235836 0.1225626740947075
2 0.584958217270195 0.13509749303621169 0.36025998142989785 0.1532033426183844
2 0.6183844011142061 0.04596100278551532 0.3379758588672237 0.08635097493036212
