1 0.456824512534819 0.7144846796657381 0.37883008356545966 0.1866295264623956
1 0.49210770659238623 0.5807799442896936 0.4048282265552461 0.15877437325905297
1 0.5125348189415041 0.4665738161559888 0.3639740018570102 0.17548746518105846
1 0.5348189415041783 0.33147632311977715 0.3565459610027855 0.18384401114206128
1 0.5719591457753017 0.20891364902506965 0.37140204271123484 0.17270194986072424
1 0.596100278551532 0.09331476323119776 0.36025998142989785 0.15877437325905291
0 0.6629526462395543 0.025069637883008356 0.27112349117920137 0.03899721448467967
2 0.48282265552460535 0.766016713091922 0.4456824512534819 0.19498607242339827
2 0.46796657381615603 0.6016713091922006 0.393686165273909 0.13370473537604455
2 0.49210770659238623 0.4986072423398329 0.38254410399257194 0.1281337047353761
2 0.510677808727948 0.32729805013927576 0.3676880222841226 0.18662952646239553
2 0.5515320334261838 0.2075208913649025 0.38254410399257205 0.14206128133704737
2 0.5923862581244198 0.09192200557103064 0.4345403899721449 0.17270194986072424
