1 0.4753946146703807 0.7604456824512535 0.37140204271123495 0.18384401114206128
0 0.5013927576601671 0.6420612813370474 0.3639740018570103 0.16991643454038996
1 0.5348189415041782 0.5222841225626741 0.3491179201485608 0.16991643454039002
0 0.5459610027855153 0.39972144846796653 0.34911792014856075 0.15877437325905291
1 0.5812441968430826 0.2841225626740947 0.33054781801299904 0.1671309192200557
1 0.6035283194057567 0.16991643454038996 0.3454038997214484 0.1615598885793872
1 0.6499535747446611 0.07242339832869081 0.3491179201485608 0.13370473537604458
2 0.4549675023212627 0.7966573816155988 0.39740018570102126 0.15598885793871864
2 0.5236768802228412 0.5403899721448469 0.393686165273909 0.11142061281337046
2 0.5831012070566388 0.2701949860724234 0.37883008356545966 0.1225626740947075
2 0.627669452181987 0.16573816155988857 0.4828226555246054 0.13091922005571033
2 0.6425255338904364 0.06267409470752089 0.3639740018570102 0.11420612813370473
