1 0.41597028783658313 0.7646239554317549 0.4011142061281337 0.2089136490250696
1 0.4252553389043639 0.6267409470752089 0.38254410399257194 0.18941504178272983
1 0.45311049210770654 0.5083565459610028 0.3565459610027855 0.16991643454039002
1 0.4846796657381615 0.3704735376044568 0.3899721448467966 0.17270194986072424
1 0.5013927576601671 0.2437325905292479 0.393686165273909 0.16991643454038996
1 0.510677808727948 0.12952646239554316 0.39740018570102126 0.18662952646239553
1 0.5496750232126276 0.04735376044568245 0.3862581244196843 0.08356545961002786
2 0.4066852367688023 0.8217270194986073 0.42711234911792023 0.18384401114206128
2 0.40482822655524603 0.6643454038997214 0.3788300835654596 0.16434540389972152
2 0.44382544103992566 0.5264623955431755 0.3899721448467966 0.1337047353760446
2 0.45311049210770654 0.4052924791086351 0.3788300835654596 0.13091922005571033
2 0.5292479108635098 0.22841225626740946 0.36025998142989785 0.15598885793871864
2 0.5292479108635098 0.0905292479108635 0.42711234911792023 0.15877437325905291
2 0.5682451253481894 0.033426183844011144 0.319405756731662 0.061281337047353765
