1 0.4233983286908078 0.7270194986072424 0.3862581244196843 0.1615598885793872
1 0.4345403899721449 0.5974930362116991 0.37140204271123495 0.1643454038997214
1 0.4401114206128134 0.4651810584958217 0.40482822655524603 0.16155988857938713
0 0.5051067780872794 0.3398328690807799 0.37140204271123484 0.16713091922005568
0 0.5032497678737232 0.2158774373259053 0.40482822655524603 0.18662952646239556
1 0.5255338904363974 0.09331476323119776 0.3602599814298979 0.16991643454038996
0 0.5905292479108635 0.026462395543175487 0.3119777158774373 0.052924791086350974
2 0.40668523676880214 0.7701949860724234 0.4345403899721448 0.1643454038997214
2 0.4233983286908078 0.6309192200557103 0.41597028783658313 0.15320334261838442
2 0.44196843082636955 0.5041782729805013 0.3862581244196843 0.128133704735376
2 0.5441039925719592 0.07938718662952647 0.44196843082636955 0.10863509749303622
