1 0.3751160631383472 0.7367688022284122 0.3788300835654596 0.1977715877437326
1 0.4011142061281337 0.596100278551532 0.4011142061281337 0.17827298050139273
1 0.4382544103992572 0.4777158774373259 0.3862581244196843 0.18662952646239556
0 0.4568245125348189 0.35515320334261835 0.3639740018570102 0.181058495821727
0 0.48839368616527395 0.22841225626740946 0.3676880222841226 0.17827298050139273
1 0.5162488393686165 0.11002785515320333 0.37883008356545966 0.16991643454038996
1 0.5273909006499536 0.034818941504178275 0.4011142061281337 0.06406685236768803
2 0.38068709377901583 0.7910863509749304 0.3899721448467966 0.15598885793871864
2 0.3844011142061281 0.6350974930362117 0.39740018570102137 0.15598885793871864
2 0.4252553389043639 0.49303621169916434 0.3751160631383472 0.12813370473537605
2 0.5069637883008357 0.09331476323119776 0.39740018570102137 0.15877437325905291
2 0.5515320334261838 0.019498607242339833 0.19684308263695457 0.03899721448467967
