1 0.46796657381615603 0.7423398328690808 0.3491179201485608 0.1977715877437325
0 0.5051067780872794 0.6183844011142061 0.3639740018570102 0.16713091922005563
1 0.5311049210770659 0.49442896935933145 0.31940575673166194 0.16991643454039002
0 0.5626740947075209 0.3871866295264624 0.33797585886722387 0.18384401114206128
1 0.5719591457753018 0.26740947075208915 0.34168987929433614 0.17827298050139276
1 0.6072423398328691 0.15181058495821725 0.3528319405756732 0.16991643454038996
1 0.6406685236768802 0.06128133704735376 0.33797585886722387 0.10027855153203342
2 0.4846796657381615 0.7785515320334262 0.3454038997214484 0.1754874651810585
2 0.5162488393686165 0.5153203342618384 0.34911792014856075 0.1225626740947075
2 0.5886722376973074 0.24094707520891362 0.36025998142989785 0.1532033426183844
2 0.5905292479108635 0.12395543175487464 0.3639740018570103 0.1532033426183844
2 0.6406685236768802 0.04596100278551532 0.3454038997214485 0.08635097493036212
