1 0.4753946146703807 0.7465181058495822 0.37140204271123495 0.18941504178272972
1 0.5143918291550603 0.6114206128133706 0.3528319405756731 0.15320334261838442
1 0.5236768802228412 0.4958217270194986 0.3342618384401113 0.15598885793871864
1 0.5738161559888578 0.3844011142061281 0.33054781801299904 0.17827298050139279
1 0.596100278551532 0.2604456824512535 0.3676880222841226 0.15320334261838442
1 0.5923862581244196 0.1448467966573816 0.3899721448467966 0.15598885793871864
1 0.6369545032497679 0.05988857938718663 0.3528319405756732 0.10306406685236769
2 0.4846796657381616 0.7771587743732591 0.3751160631383474 0.19498607242339838
2 0.47539461467038063 0.6295264623955432 0.38625812441968427 0.13370473537604455
2 0.5403899721448467 0.50974930362117 0.3528319405756732 0.10584958217270202
2 0.5329619312906221 0.3565459610027855 0.36768802228412256 0.15598885793871864
2 0.5682451253481894 0.233983286908078 0.3788300835654596 0.1225626740947075
2 0.584958217270195 0.11142061281337047 0.3899721448467967 0.1671309192200557
2 0.6332404828226555 0.04317548746518106 0.3454038997214484 0.07520891364902507
